0000111100 001 111 01000 1100 0111 111 1100 0110 111 0101 10000 11011 111 010010 1100 0110 111 01000 1010 0101 111 10110 0001 0111 1010 001 11011 111 1100 10000 0101 0110 001 111 0001 0110 111 1100 111 0111 000010 0001 10110 10110 111 0001 0110 111 1001 1010 001 111 0000111111 010011 10000 10110 111 0000111101 1001 11010 001 1100 010010 111 1100 0110 11011 111 1010 001 111 1010 1100 11011 111 1011110 0101 0110 001 
001 0001 1011110 1010 1001 101110 00001100 10110 0101 010011 11010 111 11011 1100 101110 0111 111 0110 0101 01000 111 01000 0001 1001 1010 0101 010011 1001 111 1001 1100 000010 0001 0110 1011110 111 1100 111 10110 0001 0111 1010 1000111 111 000011011 0110 111 1001 1010 001 111 10110 0001 11010 0111 1001 111 10110 0101 11010 1001 101110 111 11011 1100 101110 0111 111 1100 111 1011111 0101 101110 111 1010 1100 11011 111 1011111 001 001 0110 111 01000 0001 1001 1010 111 1010 0001 010010 1000111 
000011010 010011 1001 111 1100 10110 1001 001 11010 111 10110 0101 11010 1001 101110 111 11011 1100 101110 0111 111 01000 0001 1001 1010 0101 010011 1001 111 1100 111 10110 0001 0111 1010 111 1001 1010 001 111 1011111 0101 101110 0000111001 0111 111 1000101 1100 11010 001 0110 1001 0111 111 1010 1100 11011 111 1001 0101 10000 11011 111 1010 0001 010010 111 1001 1010 1100 1001 111 1001 1010 001 111 0101 10000 11011 111 010010 1100 0110 111 01000 1100 0111 
0110 0101 01000 111 11011 001 10110 0001 0110 0001 1001 001 10000 101110 111 1100 0110 11011 111 10110 0001 0110 1100 10000 10000 101110 111 0111 1100 10000 1100 0101 10001000 111 01000 1010 0001 00000 1010 111 0001 0111 111 1001 1010 001 111 01000 0101 11010 0111 1001 111 10110 0101 11010 010010 111 0101 10110 111 010011 0110 10000 010011 00000 000010 101110 10001000 111 1100 0110 11011 111 1001 1010 001 111 1011111 0101 101110 111 1010 1100 11011 111 1011110 0101 0110 001 
1100 1001 111 1001 1010 001 0001 11010 111 0101 11010 11011 001 11010 0111 111 0001 0110 111 1100 0110 0101 1001 1010 001 11010 111 1011111 0101 1100 1001 111 01000 1010 0001 00000 1010 111 00000 1100 010011 1011110 1010 1001 111 1001 1010 11010 001 001 111 1011110 0101 0101 11011 111 10110 0001 0111 1010 111 1001 1010 001 111 10110 0001 11010 0111 1001 111 01000 001 001 000010 1000111 111 000011011 1001 111 010010 1100 11011 001 111 1001 1010 001 
1011111 0101 101110 111 0111 1100 11011 111 1001 0101 111 0111 001 001 111 1001 1010 001 111 0101 10000 11011 111 010010 1100 0110 111 00000 0101 010010 001 111 0001 0110 111 001 1100 00000 1010 111 11011 1100 101110 111 01000 0001 1001 1010 111 1010 0001 0111 111 0111 000010 0001 10110 10110 111 001 010010 1000101 1001 101110 111 1100 0110 11011 111 1010 001 111 1100 10000 01000 1100 101110 0111 111 01000 001 0110 1001 
11011 0101 01000 0110 111 1001 0101 111 1010 001 10000 1000101 111 1010 0001 010010 111 00000 1100 11010 11010 101110 111 001 0001 1001 1010 001 11010 111 1001 1010 001 111 00000 0101 0001 10000 001 11011 111 10000 0001 0110 001 0111 111 0101 11010 111 1001 1010 001 111 1011110 1100 10110 10110 111 1100 0110 11011 111 1010 1100 11010 1000101 0101 0101 0110 111 1100 0110 11011 111 1001 1010 001 111 0111 1100 0001 10000 111 1001 1010 1100 1001 
01000 1100 0111 111 10110 010011 11010 10000 001 11011 111 1100 11010 0101 010011 0110 11011 111 1001 1010 001 111 010010 1100 0111 1001 1000111 111 10001001 1010 001 111 0111 1100 0001 10000 111 01000 1100 0111 111 1000101 1100 1001 00000 1010 001 11011 111 01000 0001 1001 1010 111 10110 10000 0101 010011 11010 111 0111 1100 00000 000010 0111 111 1100 0110 11011 10001000 111 10110 010011 11010 10000 001 11011 10001000 111 0001 1001 111 10000 0101 0101 000010 001 11011 
10000 0001 000010 001 111 1001 1010 001 111 10110 10000 1100 1011110 111 0101 10110 111 1000101 001 11010 010010 1100 0110 001 0110 1001 111 11011 001 10110 001 1100 1001 1000111 
10001001 1010 001 111 0101 10000 11011 111 010010 1100 0110 111 01000 1100 0111 111 1001 1010 0001 0110 111 1100 0110 11011 111 1011110 1100 010011 0110 1001 111 01000 0001 1001 1010 111 11011 001 001 1000101 111 01000 11010 0001 0110 000010 10000 001 0111 111 0001 0110 111 1001 1010 001 111 1011111 1100 00000 000010 111 0101 10110 111 1010 0001 0111 111 0110 001 00000 000010 1000111 111 10001001 1010 001 
1011111 11010 0101 01000 0110 111 1011111 10000 0101 1001 00000 1010 001 0111 111 0101 10110 111 1001 1010 001 111 1011111 001 0110 001 00001100 0101 10000 001 0110 1001 111 0111 000010 0001 0110 111 00000 1100 0110 00000 001 11010 111 1001 1010 001 111 0111 010011 0110 111 1011111 11010 0001 0110 1011110 0111 111 10110 11010 0101 010010 111 0001 1001 0111 111 11010 001 10110 10000 001 00000 1001 0001 0101 0110 111 0101 0110 111 1001 1010 001 
1001 11010 0101 1000101 0001 00000 111 0111 001 1100 111 01000 001 11010 001 111 0101 0110 111 1010 0001 0111 111 00000 1010 001 001 000010 0111 1000111 111 10001001 1010 001 111 1011111 10000 0101 1001 00000 1010 001 0111 111 11010 1100 0110 111 01000 001 10000 10000 111 11011 0101 01000 0110 111 1001 1010 001 111 0111 0001 11011 001 0111 111 0101 10110 111 1010 0001 0111 111 10110 1100 00000 001 111 1100 0110 11011 111 1010 0001 0111 
1010 1100 0110 11011 0111 111 1010 1100 11011 111 1001 1010 001 111 11011 001 001 1000101 00001100 00000 11010 001 1100 0111 001 11011 111 0111 00000 1100 11010 0111 111 10110 11010 0101 010010 111 1010 1100 0110 11011 10000 0001 0110 1011110 111 1010 001 1100 00001100 101110 111 10110 0001 0111 1010 111 0101 0110 111 1001 1010 001 111 00000 0101 11010 11011 0111 1000111 111 000011010 010011 1001 111 0110 0101 0110 001 111 0101 10110 
1001 1010 001 0111 001 111 0111 00000 1100 11010 0111 111 01000 001 11010 001 111 10110 11010 001 0111 1010 1000111 111 10001001 1010 001 101110 111 01000 001 11010 001 111 1100 0111 111 0101 10000 11011 111 1100 0111 111 001 11010 0101 0111 0001 0101 0110 0111 111 0001 0110 111 1100 111 10110 0001 0111 1010 10000 001 0111 0111 111 11011 001 0111 001 11010 1001 1000111 
0000111110 00001100 001 11010 101110 1001 1010 0001 0110 1011110 111 1100 1011111 0101 010011 1001 111 1010 0001 010010 111 01000 1100 0111 111 0101 10000 11011 111 001 0000111000 00000 001 1000101 1001 111 1010 0001 0111 111 001 101110 001 0111 111 1100 0110 11011 111 1001 1010 001 101110 111 01000 001 11010 001 111 1001 1010 001 111 0111 1100 010010 001 111 00000 0101 10000 0101 11010 111 1100 0111 111 1001 1010 001 
0111 001 1100 111 1100 0110 11011 111 01000 001 11010 001 111 00000 1010 001 001 11010 10110 010011 10000 111 1100 0110 11011 111 010011 0110 11011 001 10110 001 1100 1001 001 11011 1000111 111 